%YAML:1.0
distortion_ir: !!opencv-matrix
   rows: 5
   cols: 1
   dt: f
   data: [ -2.6386489753128833e-01,
       9.9966832163729757e-01,
       -7.6275862143610667e-04,
       5.0350940090814270e-03,
       -1.3053628089976321e+00 ]
