%YAML:1.0
distortion_rgb: !!opencv-matrix
   rows: 5
   cols: 1
   dt: f
   data: [ 2.6451622333009589e-01,
       -8.3990749424620825e-01,
       -1.9922302173693159e-03,
       1.4371995932897616e-03,
       9.1192465078713847e-01 ]
