%YAML:1.0
intrinsics_rgb: !!opencv-matrix
   rows: 3
   cols: 3
   dt: f
   data: [ 5.2921508098293293e+02, 0., 3.2894272028759258e+02,
       0., 5.2556393630057437e+02, 2.6748068171871557e+02,
       0., 0., 1 ]
