%YAML:1.0
homography: !!opencv-matrix
   rows: 3
   cols: 3
   dt: f
   data: [ 4.00896417e-03, -7.93854269e-05, -8.62244844e-01,
       1.23262245e-04, 5.09483926e-03, -1.03577256e+00, -5.42640264e-05,
       1.04378654e-04, 1. ]
