%YAML:1.0
homography: !!opencv-matrix
   rows: 3
   cols: 3
   dt: f
   data: [ 7.65298493e-03, 3.89134831e-04, -2.76181960e+00,
       9.86829516e-04, 1.48024429e-02, -6.12426424e+00, -2.51278677e-03,
       1.59934571e-03, 1. ]
