%YAML:1.0
intrinsics_rgb: !!opencv-matrix
   rows: 2
   cols: 1
   dt: f
   data: [ -0.0030711016, 3.3309495161 ]
