%YAML:1.0
intrinsics_ir: !!opencv-matrix
   rows: 3
   cols: 3
   dt: f
   data: [ 5.9421434211923247e+02, 0., 3.3930780975300314e+02,
       0., 5.9104053696870778e+02, 2.4273913761751615e+02,
       0., 0., 1 ]
