%YAML:1.0
finger_psi: !!opencv-matrix
   rows: 2
   cols: 1
   dt: f
   data: [ 1.40029999e+02, 1.31580002e+02 ]
