%YAML:1.0
green_lambdaInv: !!opencv-matrix
   rows: 2
   cols: 2
   dt: f
   data: [ 1.94762617e-01, 9.51381922e-02, 9.51381847e-02,
       9.99896154e-02 ]
