%YAML:1.0
green_psi: !!opencv-matrix
   rows: 2
   cols: 1
   dt: f
   data: [ 9.03602448e+01, 1.79888199e+02 ]
