%YAML:1.0
red_psi: !!opencv-matrix
   rows: 2
   cols: 1
   dt: f
   data: [ 1.86775864e+02, 1.66175858e+02 ]
