%YAML:1.0
params: !!opencv-matrix
   rows: 3
   cols: 4
   dt: f
   data: [ 1.28711677e+00, 1.19909815e-08, -7.42070370e-08,
       7.56102860e-01, -7.17943394e-08, 2.10968804e+00, -7.92143240e-08,
       5.88673174e-01, -8.62596110e-08, 3.36045787e-07, -6.47497833e-01,
       1.38152671e+00 ]
