%YAML:1.0
marker_blue_lambdaInv: !!opencv-matrix
   rows: 2
   cols: 2
   dt: f
   data: [ 1.48096308e-01, 5.73078990e-02, 5.73079102e-02,
       4.30268049e-02 ]
