%YAML:1.0
marker_blue_psi: !!opencv-matrix
   rows: 2
   cols: 1
   dt: f
   data: [ 1.43947052e+02, 8.29117661e+01 ]
