%YAML:1.0
projetor_marker_green_psi: !!opencv-matrix
   rows: 2
   cols: 1
   dt: f
   data: [ 1.00865669e+02, 1.56791046e+02 ]
