%YAML:1.0
projetor_finger_lambdaInv: !!opencv-matrix
   rows: 2
   cols: 2
   dt: f
   data: [ 1.09519467e-01, 4.47545908e-02, 4.47545946e-02,
       8.17979723e-02 ]
