%YAML:1.0
projetor_marker_green_lambdaInv: !!opencv-matrix
   rows: 2
   cols: 2
   dt: f
   data: [ 1.60171792e-01, 1.46236032e-01, 1.46236032e-01,
       1.36010870e-01 ]
