%YAML:1.0
projetor_finger_psi: !!opencv-matrix
   rows: 2
   cols: 1
   dt: f
   data: [ 1.33666672e+02, 1.39952377e+02 ]
